0.0000002400 
0.0000002700 
0.0000002850 
0.0000003000 
0.0000003350 
0.0000003500 
0.0000003700 
0.0000003850 
0.0000004000 
0.0000003820 
0.0000004200 
0.0000004400 
0.0000004500 
0.0000004660 
0.0000004820 
0.0000005050 
0.0000005150 
0.0000005330 
0.0000005600 
0.0000005750 
0.0000005850 
0.0000006100 
0.0000006300 
0.0000006330 
0.0000006450 
0.0000006550 
0.0000006850 
0.0000006810 
0.0000006940 
0.0000007280 
0.0000007290 
0.0000007370 
0.0000007650 
0.0000007720 
0.0000007850 
0.0000008200 
0.0000008100 
0.0000008450 
0.0000008580 
0.0000008750 
0.0000008800 
0.0000009100 
0.0000009120 
0.0000009550 
0.0000009400 
0.0000009530 
0.0000009750 
0.0000010050 
0.0000010100 
0.0000010300 
0.0000010370 
0.0000010450 
0.0000010240 
0.0000010770 
0.0000010650 
0.0000010900 
0.0000011140 
0.0000011450 
0.0000011550 
0.0000011500 
0.0000011830 
0.0000011860 
0.0000012350 
0.0000012100 