0.0000010570 
0.0000010130 
0.0000009580 
0.0000009100 
0.0000008730 
0.0000008530 
0.0000008170 
0.0000008000 
0.0000007400 
0.0000007350 
0.0000007230 
0.0000006850 
0.0000006700 
0.0000006450 
0.0000006200 
0.0000006080 
0.0000005900 
0.0000005790 
0.0000005670 
0.0000005400 
0.0000005320 
0.0000005220 
0.0000005050 
0.0000004880 
0.0000004720 
0.0000004550 
0.0000004490 
0.0000004380 
0.0000004290 
0.0000004300 
0.0000004100 
0.0000003970 
0.0000003850 
0.0000003770 
0.0000003700 
0.0000003600 
0.0000003500 
0.0000003460 
0.0000003350 
0.0000003250 
0.0000003220 
0.0000003150 
0.0000003070 
0.0000002980 
0.0000002910 
0.0000002910 
0.0000002820 
0.0000002780 
0.0000002660 
0.0000002630 
0.0000002550 
0.0000002450 
0.0000002450 
0.0000002400 
0.0000002300 
0.0000002280 
0.0000002240 
0.0000002230 
0.0000002150 
0.0000002190 
0.0000002050 
0.0000002000 
0.0000002000 
0.0000001950 