0.000393120 
0.000384720 
0.000373800 
0.000372120 
0.000367080 
0.000352800 
0.000341880 
0.000316680 
0.000319200 
0.000292320 
0.000291480 
0.000277200 
0.000280560 
0.000277200 
0.000264600 
0.000243600 
0.000247800 
0.000246960 
0.000225120 
0.000216720 
0.000225120 
0.000195720 
0.000212520 
0.000193200 
0.000190680 
0.000178080 
0.000176040 
0.000157920 
0.000178080 
0.000168000 
0.000157080 
0.000142800 
0.000152880 
0.000130200 
0.000130200 
0.000120960 
0.000120120 
0.000124320 
0.000111720 
0.000110880 
0.000111720 
0.000111720 
0.000109200 
0.000094080 
0.000088200 
0.000091560 
0.000087360 
0.000088200 
0.000084000 
0.000078120 
0.000090720 
0.000088200 
0.000079800 
0.000078960 
0.000066360 
0.000066360 
0.000063000 
0.000071400 
0.000046200 
0.000050400 
0.000058800 
0.000042000 
0.000056280 
0.000042000 
0.000046200 
0.000037800 