0.000033600 
0.000042000 
0.000063000 
0.000079800 
0.000086520 
0.000111720 
0.000100800 
0.000114240 
0.000117600 
0.000149520 
0.000155400 
0.000155400 
0.000167160 
0.000176400 
0.000180600 
0.000208320 
0.000201600 
0.000212520 
0.000220920 
0.000238560 
0.000229320 
0.000241080 
0.000250320 
0.000241080 
0.000250320 
0.000253680 
0.000281400 
0.000273000 
0.000285600 
0.000292320 
0.000290640 
0.000292320 
0.000302400 
0.000314160 
0.000299040 
0.000310800 
0.000314160 
0.000320880 
0.000325080 
0.000317520 
0.000319200 
0.000325920 
0.000333480 
0.000336000 
0.000351120 
0.000354480 
0.000351120 
0.000361200 
0.000352800 
0.000351120 
0.000360360 
0.000361200 
0.000357000 
0.000369600 
0.000369600 
0.000369600 
0.000376320 
0.000370440 
0.000378000 
0.000370440 
0.000380520 
0.000389760 
0.000371280 
0.000382200