0.00419
0.00471
0.00477
0.00487
0.00498
0.00518
0.00526
0.00543
0.00548
0.00553
0.00555
0.00558
0.0056
0.00564
0.00573
0.0058
0.00584
0.00589
0.00591
0.00594
0.00594
0.00606
0.00618
0.00621
0.00621
0.00623
0.00624
0.00629
0.00635
0.00638
0.0064
0.00643
0.00645
0.00647
0.00651
0.00653
0.00655
0.00656
0.00659
0.00661
0.00662
0.00664
0.00665
0.00667
0.00669
0.0067
0.0067
0.0067
0.00671
0.00671
0.00672
0.00672
0.00672
0.00672
0.00672
0.00672
0.00673
0.00673
0.00673
0.00673
0.00674
0.00674
0.00674
0.00674