0.00675
0.00632
0.00552
0.00541
0.00541
0.0054
0.0054
0.00537
0.00536
0.00534
0.00534
0.00532
0.00531
0.0053
0.00525
0.00525
0.00525
0.00523
0.00521
0.00519
0.00517
0.00511
0.00511
0.0051
0.0051
0.00509
0.00507
0.00507
0.00504
0.00502
0.00498
0.00493
0.00492
0.0049
0.0049
0.00489
0.00488
0.00488
0.00488
0.00487
0.00486
0.00486
0.00486
0.00484
0.00484
0.00482
0.00479
0.00478
0.00476
0.00475
0.00475
0.00475
0.00475
0.00474
0.00474
0.00474
0.00473
0.00473
0.00473
0.00472
0.00472
0.00471
0.0047
0.00469