0.00857
0.00854
0.00754
0.00724
0.00723
0.0072
0.0071
0.00702
0.00696
0.00693
0.00689
0.0068
0.00679
0.00672
0.00672
0.00671
0.0067
0.0067
0.00669
0.00669
0.00666
0.00666
0.00664
0.00663
0.00662
0.0066
0.00659
0.00658
0.00656
0.00655
0.00654
0.00651
0.0065
0.00649
0.00649
0.00648
0.00647
0.00646
0.00646
0.00645
0.00645
0.00644
0.00644
0.00643
0.00642
0.0064
0.0064
0.00638
0.00636
0.00635
0.00634
0.00633
0.00632
0.00631
0.00631
0.0063
0.0063
0.006298
0.006296
0.006295
0.006287
0.006283
0.006278
0.00627