0.00627
0.00652
0.00663
0.00686
0.00694
0.00705
0.00715
0.00725
0.00731
0.00734
0.0074
0.0075
0.00756
0.00764
0.00773
0.00784
0.00795
0.00796
0.00806
0.00816
0.00822
0.00824
0.00826
0.00831
0.00833
0.00835
0.00835
0.00837
0.00838
0.00839
0.00842
0.00845
0.00847
0.00848
0.00849
0.00849
0.0085
0.0085
0.0085
0.0085
0.0085
0.0085
0.00851
0.00851
0.00851
0.00851
0.00851
0.00852
0.00854
0.00854
0.00855
0.00855
0.00855
0.00856
0.00855
0.00856
0.00856
0.00856
0.00856
0.00856
0.00857
0.008571
0.008572
0.008573