0.00138
0.00141
0.00144
0.00158
0.00169
0.00175
0.00192
0.00193
0.00197
0.00209
0.00212
0.00213
0.00214
0.00224
0.00234
0.00238
0.0024
0.00245
0.00255
0.00266
0.00275
0.00275
0.00276
0.00282
0.00292
0.00293
0.00295
0.00305
0.00315
0.00321
0.00324
0.00324
0.00326
0.00329
0.0033
0.00331
0.00332
0.00336
0.00336
0.00336
0.00338
0.00338
0.00338
0.00339
0.00339
0.00341
0.00341
0.00341
0.00341
0.00341
0.00342
0.00343
0.00343
0.00343
0.00343
0.00343
0.00341
0.00342
0.00342
0.00342
0.00342
0.00342
0.00342
0.00342