0.00338
0.00224
0.00223
0.00222
0.0021
0.00204
0.00202
0.00196
0.00195
0.00193
0.00192
0.00189
0.00183
0.00181
0.0018
0.0018
0.00179
0.00179
0.00176
0.00173
0.00172
0.00172
0.00171
0.0017
0.0017
0.00169
0.00169
0.00166
0.00166
0.00165
0.00164
0.00163
0.00163
0.00162
0.00162
0.0016
0.00159
0.00159
0.00158
0.00156
0.00155
0.00154
0.00151
0.0015
0.00149
0.00149
0.00148
0.00147
0.00147
0.00146
0.00146
0.00146
0.00146
0.00146
0.00146
0.00146
0.00146
0.00144
0.00144
0.00143
0.00143
0.00143
0.00143
0.00143