0.00255
0.00253
0.00239
0.00237
0.00234
0.00233
0.00228
0.00228
0.00225
0.00225
0.00224
0.00223
0.00222
0.00215
0.00214
0.00208
0.00207
0.00206
0.00204
0.00198
0.00198
0.00195
0.00193
0.00192
0.00191
0.00189
0.00186
0.00184
0.00183
0.00181
0.0018
0.0018
0.00179
0.00177
0.00176
0.00173
0.00172
0.0017
0.00169
0.00166
0.00165
0.00162
0.00162
0.00159
0.00156
0.00154
0.00152
0.00148
0.00148
0.00147
0.00147
0.00146
0.00146
0.00144
0.00142
0.00141
0.0014
0.00139
0.00138
0.00137
0.00137
0.00137
0.00137
0.00137