0.00298
0.00297
0.00297
0.00287
0.00287
0.00277
0.00276
0.00271
0.0027
0.00269
0.00268
0.00267
0.00267
0.00257
0.00257
0.00245
0.00245
0.00245
0.00234
0.00234
0.00234
0.00234
0.00222
0.00221
0.00221
0.0022
0.0022
0.0022
0.00219
0.00218
0.00219
0.002182
0.00218
0.00207
0.002071
0.00207
0.00197
0.001924
0.001923
0.001922
0.001818
0.001817
0.001816
0.001815
0.001814
0.001813
0.001811
0.0017
0.0018
0.00179
0.00168
0.001679
0.001675
0.001673
0.001671
0.00166
0.00166
0.00166
0.001659
0.001656
0.001654
0.00165
0.00164
0.00163