0.0013
0.0013
0.00134
0.00135
0.00137
0.0014
0.0014
0.0015
0.00155
0.00157
0.00157
0.00158
0.00159
0.0016
0.00161
0.00162
0.00162
0.00165
0.00167
0.00171
0.00178
0.00179
0.0018
0.00181
0.00182
0.00185
0.00186
0.00186
0.00188
0.0019
0.00191
0.00193
0.00196
0.00207
0.0021
0.00214
0.00225
0.00227
0.00229
0.0023
0.00232
0.00238
0.00238
0.00238
0.00253
0.00257
0.0026
0.00266
0.00271
0.00272
0.00273
0.00273
0.00274
0.00277
0.0028
0.00284
0.00288
0.00288
0.00291
0.003
0.00301
0.00308
0.0031
0.0031